1 1655005217 22.52853422 113.9259733
3 16550042534 22.53808485 113.9378164
3 16550042522 22.53801919 113.931127
3 16550042550 22.54409834 113.9563363
1 1655005177 22.52347103 113.9244116
3 16550042542 22.54493673 113.9448177
3 16550042519 22.53714146 113.9255081
1 1655005257 22.53121047 113.9259262
1 1655005247 22.53045377 113.9260063
2 1655004688 22.52688719 113.9257708
3 16550042525 22.53812042 113.9294521
2 1655004483 22.53814025 113.9332061
2 1655004403 22.54623511 113.9382808
1 1655004967 22.52342743 113.9031379
1 1655004952 22.52398572 113.9025
1 1655005052 22.52171137 113.9125595
2 1655004673 22.52846935 113.9258934
2 1655004578 22.53609331 113.9252431
2 1655004748 22.52196533 113.9227996
2 1655004773 22.52131059 113.921339
2 1655004778 22.52099124 113.9209212
1 1655005057 22.52130039 113.9130384
1 1655004947 22.52449722 113.9019185
1 1655005222 22.52866026 113.925983
1 1655004982 22.52461645 113.9048007
3 16550042520 22.53822912 113.9259428
1 1655005042 22.52209469 113.9121053
2 1655004668 22.52861435 113.9259046
3 16550042518 22.53817101 113.9286122
3 16550042557 22.53712582 113.9564738
1 1655005207 22.52632951 113.9257897
1 1655004817 22.52425364 113.9098408
3 16550042563 22.53276243 113.9581178
3 16550042538 22.54319387 113.9386352
3 16550042521 22.53828535 113.9265958
1 1655004897 22.52608735 113.900216
3 16550042527 22.53804893 113.9361431
3 16550042559 22.53610918 113.9564833
1 1655005002 22.52624999 113.9074014
2 1655004753 22.52182968 113.9225089
2 1655004618 22.53193709 113.9257081
2 1655004763 22.52171872 113.9222497
3 16550042512 22.53512845 113.9252115
3 16550042548 22.54231143 113.9563683
1 1655005267 22.53146322 113.9258996
3 16550042555 22.53982283 113.9564332
1 1655005272 22.53291785 113.925464
2 1655004708 22.52514299 113.9252401
2 1655004443 22.53830145 113.938141
3 16550042551 22.54263096 113.9563608
3 16550042525 22.53803527 113.9341077
1 1655004937 22.52577318 113.9003624
2 1655004598 22.5340275 113.9249792
2 1655004513 22.53819907 113.9299841
2 1655004888 22.51902904 113.9159195
1 1655005027 22.52289953 113.911166
1 1655005252 22.53089271 113.9259574
1 1655005122 22.519034 113.9201463
3 16550042523 22.53802154 113.9319448
3 16550042533 22.53806285 113.9370513
1 1655004942 22.52523134 113.901102
1 1655004957 22.52348559 113.9030729
2 1655004768 22.52134656 113.9214161
1 1655005292 22.53439972 113.9251142
3 16550042524 22.5381459 113.9290321
3 16550042556 22.53841823 113.9564527
2 1655004873 22.518643 113.916691
1 1655004882 22.52442141 113.9020749
1 1655004872 22.52458445 113.9046811
2 1655004568 22.53656431 113.925318
3 16550042540 22.54508573 113.9484485
1 1655005167 22.52233179 113.9235508
3 16550042554 22.53630652 113.9564815
2 1655004453 22.53816061 113.9368278
2 1655004518 22.53820177 113.9299307
2 1655004468 22.53814479 113.9348368
1 1655005232 22.52924879 113.9261036
3 16550042517 22.53828437 113.9266969
1 1655005172 22.52283245 113.924012
1 1655005147 22.52168794 113.9224384
3 16550042556 22.53301232 113.9565239
2 1655004648 22.53015718 113.9259851
2 1655004593 22.53478744 113.9250599
2 1655004783 22.52037763 113.9204636
2 1655004473 22.53814237 113.9346615
2 1655004588 22.53554133 113.9251638
3 16550042541 22.54507516 113.9420558
3 16550042524 22.53803396 113.933855
1 1655004847 22.52627264 113.9075358
2 1655004643 22.53026409 113.9259534
3 16550042534 22.54428143 113.9386215
2 1655004498 22.53812123 113.9316073
3 16550042541 22.54520335 113.9507199
3 16550042523 22.53816253 113.9287572
1 1655005227 22.52917031 113.9260809
2 1655004438 22.53896871 113.9383735
2 1655004638 22.53072677 113.9258824
3 16550042520 22.53814399 113.9290636
1 1655005092 22.51838036 113.9169998
3 16550042531 22.53804482 113.9353605
1 1655005237 22.52994781 113.9261672
2 1655004528 22.53823359 113.9293141
3 16550042546 22.54384736 113.956339
2 1655004868 22.51858011 113.9168179
2 1655004693 22.52663342 113.9257464
2 1655004818 22.51867764 113.9199483
2 1655004573 22.53617184 113.9252549
1 1655005187 22.52465629 113.9250778
2 1655004623 22.53181697 113.9257441
2 1655004488 22.5381403 113.9331681
1 1655005262 22.5312366 113.9259234
1 1655005097 22.51830018 113.9171599
1 1655005112 22.51778438 113.9198579
2 1655004533 22.53825877 113.9288209
3 16550042544 22.54483183 113.9562401
3 16550042562 22.53275164 113.957852
2 1655004823 22.51845698 113.919881
3 16550042549 22.54476529 113.9562472
3 16550042553 22.54207028 113.956374
2 1655004563 22.5374026 113.9254537
1 1655005202 22.52616476 113.925755
1 1655004887 22.52500991 113.9014403
3 16550042548 22.54528704 113.9557814
1 1655005152 22.52180254 113.9226989
3 16550042547 22.54538848 113.9540976
1 1655004927 22.52473002 113.8989364
2 1655004703 22.52559441 113.925465
2 1655004493 22.53813024 113.9324078
3 16550042517 22.53591682 113.925316
2 1655004463 22.5381545 113.9358836
2 1655004433 22.53957779 113.9383924
3 16550042538 22.54493769 113.9448489
2 1655004428 22.53985534 113.9383925
1 1655004852 22.52687399 113.9068685
1 1655004992 22.5258998 113.9061033
1 1655005197 22.52593958 113.9256933
1 1655004907 22.52411844 113.8979804
3 16550042543 22.54495087 113.9452777
1 1655005047 22.5219681 113.9122559
2 1655004813 22.51922439 113.9201073
2 1655004538 22.53829422 113.9280708
3 16550042547 22.54256785 113.9563623
2 1655004788 22.52029327 113.9204223
1 1655005062 22.52120558 113.913144
3 16550042560 22.5337182 113.9565131
3 16550042559 22.53278708 113.9587203
3 16550042561 22.5327593 113.9565297
2 1655004508 22.53816585 113.9305657
2 1655004718 22.52435537 113.9247897
1 1655004822 22.52453684 113.9095184
3 16550042537 22.54493022 113.9446034
1 1655005012 22.52374685 113.9102064
3 16550042540 22.54517282 113.9398017
1 1655005157 22.52183025 113.9227555
1 1655004857 22.52638389 113.9065117
1 1655005117 22.51892578 113.9201182
3 16550042529 22.53803412 113.933886
3 16550042560 22.53280425 113.9595736
2 1655004808 22.51976451 113.9202538
1 1655004912 22.52379427 113.8976133
3 16550042515 22.53778048 113.9256752
2 1655004558 22.53823768 113.9256004
2 1655004848 22.51814059 113.9177118
3 16550042535 22.5383982 113.9386796
3 16550042546 22.54526348 113.9518253
1 1655005102 22.5180085 113.917765
1 1655004837 22.52492982 113.9090775
3 16550042533 22.54117619 113.9385413
2 1655004828 22.51830704 113.9198421
1 1655004902 22.52547292 113.8995071
1 1655004977 22.52389769 113.9040716
3 16550042516 22.53828442 113.9262476
3 16550042521 22.53806932 113.9302837
3 16550042531 22.53914727 113.9386941
3 16550042542 22.54535031 113.9534124
1 1655005107 22.51775028 113.9195554
3 16550042536 22.53944349 113.9386934
3 16550042553 22.53669331 113.9564781
3 16550042558 22.53658649 113.956479
3 16550042514 22.53644284 113.9253952
3 16550042522 22.53824169 113.9273175
2 1655004423 22.54051732 113.938372
1 1655004862 22.52568971 113.9058035
2 1655004553 22.53839071 113.9261202
1 1655005287 22.53382461 113.9251336
2 1655004838 22.51781161 113.9189377
1 1655004922 22.52389671 113.897973
2 1655004608 22.53288413 113.9253726
3 16550042526 22.53803787 113.9307934
2 1655004853 22.51836801 113.917246
2 1655004858 22.51848446 113.917011
1 1655005087 22.51848056 113.9168001
3 16550042536 22.54513558 113.9409235
1 1655005077 22.51884684 113.9160618
3 16550042519 22.53815845 113.9288246
1 1655005037 22.52241247 113.9117313
3 16550042532 22.53804936 113.9362421
3 16550042527 22.53801236 113.9312494
2 1655004713 22.52458835 113.9249255
3 16550042528 22.53805099 113.9364335
2 1655004723 22.52431503 113.9247662
3 16550042526 22.53804183 113.9351466
2 1655004628 22.53173341 113.9257605
1 1655004917 22.52378724 113.8976053
3 16550042530 22.53803762 113.9347043
2 1655004803 22.52012609 113.9203679
2 1655004728 22.52392776 113.9245406
1 1655005132 22.51940721 113.9202446
2 1655004663 22.52876376 113.9259198
3 16550042532 22.53945949 113.9386934
2 1655004448 22.53817049 113.9376673
3 16550042552 22.53773266 113.956464
3 16550042550 22.5406476 113.9564162
1 1655005142 22.52028954 113.9205292
2 1655004458 22.53815565 113.936044
2 1655004603 22.53342332 113.9251589
1 1655004807 22.52365441 113.9105185
2 1655004548 22.53839541 113.926512
2 1655004523 22.53820927 113.9297829
1 1655005242 22.52997762 113.9261578
1 1655005067 22.52102976 113.9133398
3 16550042543 22.5453474 113.9549364
1 1655005137 22.51951323 113.9202744
2 1655004613 22.53271462 113.9254397
2 1655004583 22.53580349 113.9252
2 1655004798 22.52021477 113.9203967
1 1655004827 22.52455763 113.9094947
3 16550042552 22.54237039 113.9563669
3 16550042558 22.53275786 113.9580054
1 1655004972 22.5232351 113.9034214
1 1655005017 22.52357199 113.9104046
2 1655004883 22.51892414 113.9161279
3 16550042551 22.53910495 113.9564433
2 1655004833 22.51810609 113.9197965
1 1655004812 22.52409666 113.9100195
1 1655005072 22.52033377 113.9141082
3 16550042539 22.54438645 113.9386205
3 16550042555 22.53444577 113.9565027
2 1655004678 22.52808423 113.9258638
3 16550042545 22.5445269 113.9562995
2 1655004658 22.52894761 113.9259397
1 1655005032 22.52286318 113.9112084
3 16550042537 22.54001901 113.9386844
1 1655004962 22.5234656 113.9030952
3 16550042557 22.53272461 113.9571798
3 16550042544 22.54503008 113.9472718
1 1655004892 22.52578443 113.9005657
2 1655004683 22.52741809 113.9258155
1 1655004867 22.52513903 113.9052376
1 1655005082 22.51873955 113.9162832
2 1655004758 22.52176243 113.9223531
1 1655005192 22.52510541 113.9253421
3 16550042565 22.5328215 113.9606028
2 1655004478 22.53813995 113.9334825
1 1655004877 22.52391879 113.9026642
2 1655004698 22.52656232 113.9257391
1 1655005212 22.5273061 113.9258964
3 16550042518 22.53623743 113.925362
1 1655005007 22.52425968 113.9096369
2 1655004413 22.54425701 113.9383799
1 1655004987 22.52515657 113.9053489
2 1655004793 22.52026822 113.9204142
1 1655004842 22.52561234 113.9083054
3 16550042554 22.54069355 113.9564148
1 1655005182 22.52349704 113.9244261
3 16550042529 22.53808453 113.937717
1 1655005127 22.51931484 113.9202192
2 1655004633 22.53150627 113.9257955
1 1655005022 22.52311813 113.9109148
2 1655004653 22.52989642 113.9260523
1 1655005162 22.5219088 113.9229108
3 16550042564 22.5327983 113.9592075
1 1655005282 22.53322166 113.9253514
1 1655004997 22.52641635 113.9067756
2 1655004408 22.54530243 113.9383633
3 16550042530 22.5380628 113.938453
2 1655004503 22.53812703 113.9313935
3 16550042513 22.536003 113.925328
2 1655004418 22.54328988 113.9384
3 16550042545 22.54514334 113.9495769
3 16550042539 22.54497878 113.9461035
2 1655004863 22.51850903 113.9169614
2 1655004738 22.52282452 113.923889
1 1655004932 22.52534472 113.8996433
3 16550042549 22.54144232 113.9563922
2 1655004743 22.52244539 113.923528
2 1655004843 22.51788496 113.918424
2 1655004733 22.52341203 113.9242597
2 1655004878 22.51886529 113.9162446
2 1655004543 22.53833791 113.9273724
3 16550042535 22.5450688 113.9388337
1 1655005277 22.53317664 113.9253681
3 16550042528 22.53803025 113.9330833
1 1655004832 22.52467512 113.909361