  200.00 15.00
  201.00 8.000
  202.00 24.00
  203.00 10.00
  204.00 18.00
  205.00 19.00
  206.00 10.00
  207.00 24.00
  208.00 8.000
  209.00 21.00
  210.00 15.00
  211.00 12.00
  212.00 23.00
  213.00 7.000
  214.00 23.00
  215.00 11.00
  216.00 16.00
  217.00 20.00
  218.00 8.000
  219.00 24.00
  220.00 9.000
  221.00 19.00
  222.00 16.00
  223.00 11.00
  224.00 23.00
  225.00 8.000
  226.00 22.00
  227.00 12.00
  228.00 15.00
  229.00 20.00
  230.00 8.000
  231.00 23.00
  232.00 9.000
  233.00 18.00
  234.00 17.00
  235.00 10.00
  236.00 23.00
  237.00 7.000
  238.00 21.00
  239.00 13.00
  240.00 13.00
  241.00 21.00
  242.00 7.000
  243.00 23.00
  244.00 10.00
  245.00 17.00
  246.00 18.00
  247.00 9.000
  248.00 24.00
  249.00 7.000
  250.00 21.00
  251.00 14.00
  252.00 13.00
  253.00 21.00
  254.00 7.000
  255.00 24.00
  256.00 10.00
  257.00 17.00
  258.00 18.00
  259.00 9.000
  260.00 24.00
  261.00 7.000
  262.00 21.00
  263.00 13.00
  264.00 12.00
  265.00 22.00
  266.00 7.000
  267.00 23.00
  268.00 10.00
  269.00 17.00
  270.00 18.00
  271.00 9.000
  272.00 23.00
  273.00 7.000
  274.00 22.00
  275.00 12.00
  276.00 14.00
  277.00 20.00
  278.00 7.000
  279.00 24.00
  280.00 8.000
  281.00 20.00
  282.00 15.00
  283.00 12.00
  284.00 22.00
  285.00 7.000
  286.00 23.00
  287.00 9.000
  288.00 18.00
  289.00 17.00
  290.00 10.00
  291.00 23.00
  292.00 7.000
  293.00 23.00
  294.00 10.00
  295.00 17.00
  296.00 17.00
  297.00 10.00
  298.00 23.00
  299.00 7.000
  300.00 23.00
  301.00 10.00
  302.00 17.00
  303.00 17.00
  304.00 10.00
  305.00 23.00
  306.00 7.000
  307.00 23.00
  308.00 9.000
  309.00 18.00
  310.00 16.00
  311.00 11.00
  312.00 22.00
  313.00 7.000
  314.00 24.00
  315.00 8.000
  316.00 20.00
  317.00 14.00
  318.00 14.00
  319.00 20.00
  320.00 9.000
  321.00 24.00
  322.00 8.000
  323.00 22.00
  324.00 11.00
  325.00 18.00
  326.00 17.00
  327.00 12.00
  328.00 22.00
  329.00 8.000
  330.00 24.00
  331.00 8.000
  332.00 22.00
  333.00 13.00
  334.00 16.00
  335.00 19.00
  336.00 11.00
  337.00 23.00
  338.00 8.000
  339.00 24.00
  340.00 9.000
  341.00 21.00
  342.00 14.00
  343.00 16.00
  344.00 20.00
  345.00 10.00
  346.00 24.00
  347.00 9.000
  348.00 25.00
  349.00 12.00
  350.00 22.00
  351.00 18.00
  352.00 16.00
  353.00 24.00
  354.00 12.00
  355.00 28.00
  356.00 12.00
  357.00 28.00
  358.00 16.00
  359.00 24.00
  360.00 23.00
  361.00 19.00
  362.00 30.00
  363.00 16.00
  364.00 33.00
  365.00 18.00
  366.00 32.00
  367.00 23.00
  368.00 27.00
  369.00 30.00
  370.00 23.00
  371.00 35.00
  372.00 20.00
  373.00 37.00
  374.00 22.00
  375.00 34.00
  376.00 28.00
  377.00 29.00
  378.00 35.00
  379.00 25.00
  380.00 40.00
  381.00 24.00
  382.00 41.00
  383.00 29.00
  384.00 40.00
  385.00 37.00
  386.00 37.00
  387.00 47.00
  388.00 36.00
  389.00 53.00
  390.00 40.00
  391.00 56.00
  392.00 49.00
  393.00 56.00
  394.00 59.00
  395.00 55.00
  396.00 69.00
  397.00 57.00
  398.00 75.00
  399.00 62.00
  400.00 76.00
  401.00 72.00
  402.00 75.00
  403.00 83.00
  404.00 74.00
  405.00 91.00
  406.00 77.00
  407.00 95.00
  408.00 85.00
  409.00 93.00
  410.00 95.00
  411.00 91.00
  412.00 104.00
  413.00 92.00
  414.00 109.00
  415.00 96.00
  416.00 111.00
  417.00 104.00
  418.00 108.00
  419.00 114.00
  420.00 106.00
  421.00 122.00
  422.00 108.00
  423.00 125.00
  424.00 114.00
  425.00 124.00
  426.00 123.00
  427.00 121.00
  428.00 132.00
  429.00 120.00
  430.00 138.00
  431.00 123.00
  432.00 139.00
  433.00 131.00
  434.00 136.00
  435.00 141.00
  436.00 133.00
  437.00 148.00
  438.00 134.00
  439.00 151.00
  440.00 139.00
  441.00 149.00
  442.00 148.00
  443.00 146.00
  444.00 157.00
  445.00 145.00
  446.00 162.00
  447.00 148.00
  448.00 162.00
  449.00 156.00
  450.00 159.00
  451.00 165.00
  452.00 155.00
  453.00 171.00
  454.00 156.00
  455.00 172.00
  456.00 162.00
  457.00 170.00
  458.00 172.00
  459.00 166.00
  460.00 179.00
  461.00 165.00
  462.00 182.00
  463.00 169.00
  464.00 180.00
  465.00 178.00
  466.00 175.00
  467.00 186.00
  468.00 173.00
  469.00 190.00
  470.00 176.00
  471.00 189.00
  472.00 183.00
  473.00 183.00
  474.00 192.00
  475.00 180.00
  476.00 197.00
  477.00 182.00
  478.00 195.00
  479.00 190.00
  480.00 190.00
  481.00 199.00
  482.00 186.00
  483.00 203.00
  484.00 189.00
  485.00 200.00
  486.00 198.00
  487.00 194.00
  488.00 206.00
  489.00 192.00
  490.00 208.00
  491.00 197.00
  492.00 203.00
  493.00 206.00
  494.00 197.00
  495.00 212.00
  496.00 197.00
  497.00 211.00
  498.00 206.00
  499.00 203.00
  500.00 214.00
  501.00 200.00
  502.00 216.00
  503.00 205.00
  504.00 209.00
  505.00 215.00
  506.00 203.00
  507.00 219.00
  508.00 206.00
  509.00 215.00
  510.00 215.00
  511.00 207.00
  512.00 222.00
  513.00 207.00
  514.00 219.00
  515.00 215.00
  516.00 212.00
  517.00 223.00
  518.00 208.00
  519.00 223.00
  520.00 213.00
  521.00 216.00
  522.00 223.00
  523.00 210.00
  524.00 226.00
  525.00 212.00
  526.00 221.00
  527.00 220.00
  528.00 213.00
  529.00 227.00
  530.00 211.00
  531.00 225.00
  532.00 218.00
  533.00 217.00
  534.00 226.00
  535.00 212.00
  536.00 227.00
  537.00 215.00
  538.00 221.00
  539.00 224.00
  540.00 213.00
  541.00 228.00
  542.00 213.00
  543.00 224.00
  544.00 221.00
  545.00 215.00
  546.00 228.00
  547.00 212.00
  548.00 227.00
  549.00 217.00
  550.00 218.00
  551.00 225.00
  552.00 212.00
  553.00 227.00
  554.00 213.00
  555.00 221.00
  556.00 221.00
  557.00 213.00
  558.00 227.00
  559.00 210.00
  560.00 223.00
  561.00 216.00
  562.00 215.00
  563.00 225.00
  564.00 209.00
  565.00 225.00
  566.00 212.00
  567.00 217.00
  568.00 220.00
  569.00 209.00
  570.00 224.00
  571.00 208.00
  572.00 220.00
  573.00 214.00
  574.00 211.00
  575.00 220.00
  576.00 205.00
  577.00 220.00
  578.00 208.00
  579.00 213.00
  580.00 215.00
  581.00 205.00
  582.00 219.00
  583.00 202.00
  584.00 215.00
  585.00 207.00
  586.00 206.00
  587.00 214.00
  588.00 200.00
  589.00 215.00
  590.00 200.00
  591.00 209.00
  592.00 205.00
  593.00 201.00
  594.00 210.00
  595.00 195.00
  596.00 211.00
  597.00 196.00
  598.00 204.00
  599.00 201.00
  600.00 195.00
  601.00 206.00
  602.00 189.00
  603.00 205.00
  604.00 190.00
  605.00 198.00
  606.00 195.00
  607.00 189.00
  608.00 199.00
  609.00 183.00
  610.00 199.00
  611.00 183.00
  612.00 193.00
  613.00 187.00
  614.00 184.00
  615.00 191.00
  616.00 177.00
  617.00 192.00
  618.00 176.00
  619.00 188.00
  620.00 178.00
  621.00 180.00
  622.00 183.00
  623.00 172.00
  624.00 185.00
  625.00 168.00
  626.00 182.00
  627.00 168.00
  628.00 177.00
  629.00 171.00
  630.00 168.00
  631.00 175.00
  632.00 162.00
  633.00 176.00
  634.00 159.00
  635.00 172.00
  636.00 159.00
  637.00 165.00
  638.00 163.00
  639.00 157.00
  640.00 165.00
  641.00 151.00
  642.00 165.00
  643.00 148.00
  644.00 161.00
  645.00 150.00
  646.00 154.00
  647.00 153.00
  648.00 145.00
  649.00 155.00
  650.00 139.00
  651.00 154.00
  652.00 138.00
  653.00 149.00
  654.00 140.00
  655.00 140.00
  656.00 144.00
  657.00 133.00
  658.00 146.00
  659.00 128.00
  660.00 143.00
