  200.00 16.00
  201.00 12.00
  202.00 17.00
  203.00 20.00
  204.00 10.00
  205.00 24.00
  206.00 9.000
  207.00 22.00
  208.00 14.00
  209.00 15.00
  210.00 22.00
  211.00 8.000
  212.00 24.00
  213.00 10.00
  214.00 20.00
  215.00 17.00
  216.00 12.00
  217.00 23.00
  218.00 8.000
  219.00 23.00
  220.00 11.00
  221.00 18.00
  222.00 18.00
  223.00 11.00
  224.00 24.00
  225.00 8.000
  226.00 22.00
  227.00 13.00
  228.00 15.00
  229.00 20.00
  230.00 9.000
  231.00 24.00
  232.00 8.000
  233.00 21.00
  234.00 14.00
  235.00 14.00
  236.00 21.00
  237.00 8.000
  238.00 24.00
  239.00 9.000
  240.00 20.00
  241.00 15.00
  242.00 13.00
  243.00 22.00
  244.00 8.000
  245.00 24.00
  246.00 9.000
  247.00 20.00
  248.00 16.00
  249.00 13.00
  250.00 23.00
  251.00 8.000
  252.00 24.00
  253.00 10.00
  254.00 20.00
  255.00 17.00
  256.00 12.00
  257.00 22.00
  258.00 8.000
  259.00 24.00
  260.00 10.00
  261.00 20.00
  262.00 16.00
  263.00 13.00
  264.00 22.00
  265.00 9.000
  266.00 24.00
  267.00 9.000
  268.00 21.00
  269.00 14.00
  270.00 15.00
  271.00 21.00
  272.00 10.00
  273.00 24.00
  274.00 9.000
  275.00 23.00
  276.00 12.00
  277.00 18.00
  278.00 18.00
  279.00 12.00
  280.00 23.00
  281.00 9.000
  282.00 25.00
  283.00 9.000
  284.00 22.00
  285.00 14.00
  286.00 17.00
  287.00 20.00
  288.00 12.00
  289.00 24.00
  290.00 9.000
  291.00 25.00
  292.00 11.00
  293.00 22.00
  294.00 16.00
  295.00 17.00
  296.00 21.00
  297.00 12.00
  298.00 25.00
  299.00 10.00
  300.00 26.00
  301.00 12.00
  302.00 23.00
  303.00 18.00
  304.00 17.00
  305.00 23.00
  306.00 12.00
  307.00 27.00
  308.00 11.00
  309.00 27.00
  310.00 14.00
  311.00 23.00
  312.00 20.00
  313.00 18.00
  314.00 26.00
  315.00 14.00
  316.00 29.00
  317.00 14.00
  318.00 28.00
  319.00 18.00
  320.00 24.00
  321.00 24.00
  322.00 19.00
  323.00 30.00
  324.00 16.00
  325.00 32.00
  326.00 17.00
  327.00 30.00
  328.00 22.00
  329.00 25.00
  330.00 29.00
  331.00 21.00
  332.00 34.00
  333.00 19.00
  334.00 35.00
  335.00 21.00
  336.00 32.00
  337.00 27.00
  338.00 27.00
  339.00 34.00
  340.00 23.00
  341.00 38.00
  342.00 23.00
  343.00 39.00
  344.00 27.00
  345.00 35.00
  346.00 34.00
  347.00 31.00
  348.00 41.00
  349.00 28.00
  350.00 44.00
  351.00 29.00
  352.00 42.00
  353.00 34.00
  354.00 37.00
  355.00 40.00
  356.00 32.00
  357.00 45.00
  358.00 30.00
  359.00 46.00
  360.00 32.00
  361.00 42.00
  362.00 38.00
  363.00 36.00
  364.00 43.00
  365.00 31.00
  366.00 46.00
  367.00 30.00
  368.00 44.00
  369.00 34.00
  370.00 38.00
  371.00 39.00
  372.00 32.00
  373.00 43.00
  374.00 29.00
  375.00 44.00
  376.00 30.00
  377.00 41.00
  378.00 35.00
  379.00 35.00
  380.00 42.00
  381.00 32.00
  382.00 47.00
  383.00 33.00
  384.00 49.00
  385.00 38.00
  386.00 48.00
  387.00 48.00
  388.00 47.00
  389.00 57.00
  390.00 47.00
  391.00 65.00
  392.00 52.00
  393.00 68.00
  394.00 61.00
  395.00 69.00
  396.00 72.00
  397.00 69.00
  398.00 82.00
  399.00 70.00
  400.00 88.00
  401.00 76.00
  402.00 91.00
  403.00 85.00
  404.00 90.00
  405.00 96.00
  406.00 90.00
  407.00 104.00
  408.00 92.00
  409.00 110.00
  410.00 98.00
  411.00 110.00
  412.00 107.00
  413.00 109.00
  414.00 117.00
  415.00 109.00
  416.00 125.00
  417.00 111.00
  418.00 128.00
  419.00 118.00
  420.00 127.00
  421.00 128.00
  422.00 126.00
  423.00 137.00
  424.00 125.00
  425.00 143.00
  426.00 130.00
  427.00 145.00
  428.00 137.00
  429.00 143.00
  430.00 147.00
  431.00 141.00
  432.00 155.00
  433.00 141.00
  434.00 159.00
  435.00 146.00
  436.00 158.00
  437.00 155.00
  438.00 156.00
  439.00 164.00
  440.00 154.00
  441.00 170.00
  442.00 156.00
  443.00 172.00
  444.00 163.00
  445.00 171.00
  446.00 172.00
  447.00 168.00
  448.00 181.00
  449.00 167.00
  450.00 185.00
  451.00 172.00
  452.00 185.00
  453.00 180.00
  454.00 181.00
  455.00 189.00
  456.00 179.00
  457.00 195.00
  458.00 181.00
  459.00 197.00
  460.00 187.00
  461.00 193.00
  462.00 196.00
  463.00 190.00
  464.00 203.00
  465.00 189.00
  466.00 206.00
  467.00 194.00
  468.00 204.00
  469.00 201.00
  470.00 200.00
  471.00 210.00
  472.00 198.00
  473.00 214.00
  474.00 200.00
  475.00 214.00
  476.00 207.00
  477.00 210.00
  478.00 215.00
  479.00 206.00
  480.00 221.00
  481.00 207.00
  482.00 223.00
  483.00 212.00
  484.00 219.00
  485.00 220.00
  486.00 214.00
  487.00 228.00
  488.00 213.00
  489.00 230.00
  490.00 218.00
  491.00 226.00
  492.00 226.00
  493.00 221.00
  494.00 233.00
  495.00 219.00
  496.00 235.00
  497.00 223.00
  498.00 232.00
  499.00 231.00
  500.00 226.00
  501.00 238.00
  502.00 224.00
  503.00 240.00
  504.00 227.00
  505.00 237.00
  506.00 235.00
  507.00 231.00
  508.00 242.00
  509.00 228.00
  510.00 244.00
  511.00 232.00
  512.00 240.00
  513.00 240.00
  514.00 234.00
  515.00 246.00
  516.00 232.00
  517.00 247.00
  518.00 235.00
  519.00 242.00
  520.00 243.00
  521.00 235.00
  522.00 249.00
  523.00 234.00
  524.00 249.00
  525.00 239.00
  526.00 242.00
  527.00 247.00
  528.00 236.00
  529.00 251.00
  530.00 236.00
  531.00 249.00
  532.00 242.00
  533.00 242.00
  534.00 250.00
  535.00 236.00
  536.00 252.00
  537.00 238.00
  538.00 247.00
  539.00 246.00
  540.00 240.00
  541.00 252.00
  542.00 236.00
  543.00 251.00
  544.00 240.00
  545.00 245.00
  546.00 248.00
  547.00 238.00
  548.00 252.00
  549.00 237.00
  550.00 249.00
  551.00 242.00
  552.00 241.00
  553.00 249.00
  554.00 236.00
  555.00 251.00
  556.00 237.00
  557.00 246.00
  558.00 244.00
  559.00 238.00
  560.00 249.00
  561.00 234.00
  562.00 249.00
  563.00 237.00
  564.00 242.00
  565.00 244.00
  566.00 234.00
  567.00 248.00
  568.00 232.00
  569.00 245.00
  570.00 237.00
  571.00 237.00
  572.00 243.00
  573.00 230.00
  574.00 245.00
  575.00 230.00
  576.00 240.00
  577.00 236.00
  578.00 232.00
  579.00 241.00
  580.00 227.00
  581.00 242.00
  582.00 228.00
  583.00 235.00
  584.00 234.00
  585.00 227.00
  586.00 238.00
  587.00 222.00
  588.00 236.00
  589.00 225.00
  590.00 229.00
  591.00 231.00
  592.00 221.00
  593.00 234.00
  594.00 217.00
  595.00 231.00
  596.00 220.00
  597.00 223.00
  598.00 226.00
  599.00 214.00
  600.00 228.00
  601.00 211.00
  602.00 225.00
  603.00 215.00
  604.00 215.00
  605.00 220.00
  606.00 208.00
  607.00 222.00
  608.00 205.00
  609.00 217.00
  610.00 209.00
  611.00 208.00
  612.00 214.00
  613.00 201.00
  614.00 215.00
  615.00 199.00
  616.00 209.00
  617.00 203.00
  618.00 200.00
  619.00 208.00
  620.00 193.00
  621.00 208.00
  622.00 192.00
  623.00 201.00
  624.00 196.00
  625.00 191.00
  626.00 201.00
  627.00 185.00
  628.00 199.00
  629.00 184.00
  630.00 192.00
  631.00 189.00
  632.00 183.00
  633.00 193.00
  634.00 176.00
  635.00 191.00
  636.00 176.00
  637.00 183.00
  638.00 181.00
  639.00 173.00
  640.00 184.00
  641.00 167.00
  642.00 182.00
  643.00 166.00
  644.00 174.00
  645.00 170.00
  646.00 165.00
  647.00 174.00
  648.00 158.00
  649.00 173.00
  650.00 157.00
  651.00 166.00
  652.00 160.00
  653.00 157.00
  654.00 164.00
  655.00 149.00
  656.00 164.00
  657.00 147.00
  658.00 158.00
  659.00 150.00
  660.00 148.00
